9.856638470535312280e+00
8.485805709195167523e+00
9.135313468776734780e+00
8.753997910195380427e+00
1.022069257354455374e+01
1.072588463003315518e+01
1.066444157618385091e+01
9.810354804797949413e+00
9.927818761176270712e+00
9.972371381632358478e+00
9.868389700709489176e+00
9.276310908668646604e+00
9.080895883941483504e+00
7.065705917434986105e+00
6.356739203063400012e+00
6.243344269825846560e+00
6.460125854818820734e+00
6.742760973535535385e+00
6.687196140188878424e+00
6.880371296825215310e+00
6.988125078512507748e+00
6.836329619097115007e+00
6.481418163434110369e+00
6.736974483526517510e+00
6.647184480702981624e+00
6.687993019151793561e+00
6.609967329714607764e+00
6.517637350573220800e+00
6.391334730364627070e+00
6.572681608564014510e+00
6.454327013203646324e+00
6.746726626317487430e+00
6.859109390596968225e+00
6.962117740846919034e+00
6.888515353336041258e+00
7.106231952015680697e+00
7.201038060870527779e+00
7.167170000547612219e+00
7.084212024606068248e+00
6.676905597382962299e+00
6.807702915204320249e+00
6.911198853221858229e+00
6.761004816659295535e+00
6.547390538834211071e+00
6.597201776132417983e+00
6.144681006892571240e+00
5.344827545903799049e+00
5.185527681510537334e+00
5.064255935922552077e+00
5.212056288122662195e+00
4.920381996158675442e+00
4.751970653778130327e+00
4.608113386772262565e+00
4.479913640669766828e+00
4.503897226072498761e+00
4.640383415523738897e+00
4.679214504655575091e+00
4.756855164558190019e+00
4.714813664218554301e+00
4.811384420896087200e+00
4.758585445944132353e+00
4.614049799474011060e+00
4.531743453917903786e+00
4.403901577627634012e+00
4.523370918885746050e+00
4.598506941901385758e+00
4.652130708375014301e+00
4.702330604801726821e+00
4.528334887731783276e+00
4.481628848039145296e+00
4.360058713072811898e+00
4.418617999427997489e+00
4.335715760168032951e+00
4.422124411468258742e+00
4.410018820360225078e+00
4.507575484038896185e+00
4.520757916932597986e+00
4.658668460634331154e+00
4.720316193516825187e+00
4.775359762996266078e+00
4.682137810596692873e+00
4.734989511911002147e+00
4.674765332300449217e+00
4.718591842115595014e+00
4.822878157930208687e+00
4.989326608644766736e+00
5.082232144161407561e+00
5.128622637228412273e+00
5.128838621144436338e+00
5.238117383338281030e+00
5.335251434455396513e+00
5.365783703098851554e+00
5.355055737487095513e+00
5.514953678494890710e+00
5.592908474402712216e+00
5.605818717969216713e+00
5.654043618852734987e+00
5.666238986490459872e+00
5.665370506270070550e+00
5.749883306151769347e+00
5.821157511461400702e+00
5.812204487633855443e+00
5.793629850125365799e+00
5.748160246322173705e+00
5.756109805047387340e+00
5.782144326343878760e+00
5.911085877255504606e+00
5.918097146762876903e+00
5.975019139475289620e+00
6.123539077460639746e+00
6.174218344234343903e+00
6.264166936212048675e+00
6.128503315106412330e+00
6.301226781447983427e+00
6.417041628861391622e+00
6.528595556315408110e+00
6.607309050902751224e+00
6.708163236985205558e+00
6.792136872491491673e+00
6.824152870129063686e+00
6.851807208374901315e+00
6.929282737836974349e+00
7.031704200000660876e+00
7.106181593188726886e+00
7.176200637347831979e+00
7.237261915023261771e+00
7.311492029189566644e+00
7.374141346430802990e+00
7.436030859996611397e+00
7.491960475077825699e+00
7.542542608564491324e+00
7.606390476262606448e+00
7.656015359439178880e+00
7.716248790490717546e+00
7.772742483981913253e+00
7.816479378811771461e+00
7.864541797210740093e+00
7.907771557830884035e+00
7.950795753132665844e+00
7.992364919700123416e+00
8.042022686089589811e+00
8.075847041790058967e+00
8.126963525066681626e+00
8.166113031026426938e+00
8.209008814725224923e+00
8.243835434638913995e+00
8.275752517053341251e+00
8.309680235559884665e+00
8.341106801247605063e+00
8.374090915063987950e+00
8.412356805318390585e+00
8.436366245376911266e+00
8.470165034230875634e+00
8.491509650731623893e+00
8.530189438032817151e+00
8.549284508806636040e+00
8.569940093158963990e+00
8.596410282849983986e+00
8.619481697382768814e+00
8.645006270421095707e+00
8.661922174848962541e+00
8.682484696734796614e+00
8.693331579893127881e+00
8.715744421225609884e+00
8.734075362085464533e+00
8.740109834376474041e+00
8.762462857912229452e+00
8.776865777922790102e+00
8.785402169240077441e+00
8.803197468921329261e+00
8.804501427321966389e+00
8.825820435999395031e+00
8.832372190967975101e+00
8.835241053030927105e+00
8.836716169877982807e+00
8.846825179024209618e+00
8.849704850610276452e+00
8.847055269854037007e+00
8.859838250549227467e+00
8.858494272469631170e+00
8.856971733453161022e+00
